  1.000000  0.002205
  0.999753  0.002282
  0.999013  0.002513
  0.997781  0.002897
  0.996057  0.003433
  0.993844  0.004119
  0.991144  0.004954
  0.987958  0.005935
  0.984292  0.007058
  0.980147  0.008322
  0.975528  0.009723
  0.970440  0.011255
  0.964888  0.012916
  0.958877  0.014700
  0.952414  0.016603
  0.945503  0.018619
  0.938153  0.020744
  0.930371  0.022971
  0.922164  0.025295
  0.913540  0.027710
  0.904508  0.030210
  0.793893  0.058465
  0.781042  0.061471
  0.767913  0.064484
  0.754521  0.067497
  0.740877  0.070502
  0.726995  0.073494
  0.712890  0.076465
  0.698574  0.079408
  0.684062  0.082318
  0.669369  0.085186
  0.654508  0.088007
  0.639496  0.090773
  0.624345  0.093478
  0.609072  0.096114
  0.593691  0.098676
  0.578217  0.101156
  0.562667  0.103547
  0.547054  0.105842
  0.531395  0.108036
  0.515705  0.110121
  0.500000  0.112090
  0.484295  0.113937
  0.468605  0.115656
  0.452946  0.117241
  0.437333  0.118685
  0.421783  0.119983
  0.406309  0.121129
  0.390928  0.122111
  0.375655  0.122902
  0.360504  0.123494
  0.345492  0.123884
  0.330631  0.124069
  0.315938  0.124047
  0.301426  0.123815
  0.287110  0.123372
  0.273005  0.122718
  0.259123  0.121853
  0.245479  0.120777
  0.232087  0.119492
  0.218958  0.117999
  0.206107  0.116300
  0.193546  0.114400
  0.181288  0.112301
  0.169344  0.110008
  0.157726  0.107526
  0.146447  0.104859
  0.135516  0.102015
  0.124944  0.099000
  0.114743  0.095820
  0.104922  0.092482
  0.095492  0.088995
  0.086460  0.085366
  0.077836  0.081603
  0.069629  0.077714
  0.061847  0.073709
  0.054497  0.069595
  0.047586  0.065381
  0.041123  0.061074
  0.035112  0.056685
  0.029560  0.052219
  0.024472  0.047686
  0.019853  0.043092
  0.015708  0.038444
  0.012042  0.033749
  0.008856  0.029013
  0.006156  0.024242
  0.003943  0.019440
  0.002219  0.014611
  0.000987  0.009760
  0.000247  0.004889
  0.000000  0.000000
  0.000247 -0.004839
  0.000987 -0.009563
  0.002219 -0.014169
  0.003943 -0.018655
  0.006156 -0.023020
  0.008856 -0.027262
  0.012042 -0.031377
  0.015708 -0.035364
  0.019853 -0.039219
  0.024472 -0.042941
  0.029560 -0.046526
  0.035112 -0.049970
  0.041123 -0.053273
  0.047586 -0.056429
  0.054497 -0.059438
  0.061847 -0.062296
  0.069629 -0.065001
  0.077836 -0.067550
  0.086460 -0.069943
  0.095492 -0.072176
  0.104922 -0.074250
  0.114743 -0.076163
  0.124944 -0.077914
  0.135516 -0.079503
  0.146447 -0.080932
  0.157726 -0.082200
  0.169344 -0.083309
  0.181288 -0.084260
  0.193546 -0.085056
  0.206107 -0.085699
  0.218958 -0.086193
  0.232087 -0.086541
  0.245479 -0.086746
  0.259123 -0.086815
  0.273005 -0.086750
  0.287110 -0.086558
  0.301426 -0.086244
  0.315938 -0.085813
  0.330631 -0.085272
  0.345492 -0.084627
  0.360504 -0.083884
  0.375655 -0.083050
  0.390928 -0.082132
  0.406309 -0.081133
  0.421783 -0.080036
  0.437333 -0.078840
  0.452946 -0.077552
  0.468605 -0.076179
  0.484295 -0.074727
  0.500000 -0.073201
  0.515705 -0.071608
  0.531395 -0.069954
  0.547054 -0.068245
  0.562667 -0.066487
  0.578217 -0.064685
  0.593691 -0.062844
  0.609072 -0.060971
  0.624345 -0.059070
  0.639496 -0.057146
  0.654508 -0.055204
  0.669369 -0.053248
  0.684062 -0.051283
  0.698574 -0.049313
  0.712890 -0.047343
  0.726995 -0.045375
  0.740877 -0.043413
  0.754521 -0.041462
  0.767913 -0.039524
  0.781042 -0.037604
  0.793893 -0.035704
  0.806454 -0.033827
  0.818712 -0.031977
  0.830656 -0.030156
  0.842274 -0.028368
  0.853553 -0.026616
  0.864484 -0.024902
  0.875056 -0.023230
  0.885257 -0.021602
  0.895078 -0.020021
  0.904508 -0.018491
  0.913540 -0.017013
  0.922164 -0.015590
  0.930371 -0.014226
  0.938153 -0.012923
  0.945503 -0.011683
  0.952414 -0.010510
  0.958877 -0.009405
  0.964888 -0.008371
  0.970440 -0.007411
  0.975528 -0.006526
  0.980147 -0.005719
  0.984292 -0.004991
  0.987958 -0.004345
  0.991144 -0.003782
  0.993844 -0.003302
  0.996057 -0.002909
  0.997781 -0.002601
  0.999013 -0.002381
  0.999753 -0.002249
  1.000000 -0.002205